Scale,Method,Prof_Mean,Prof_Std,Reward_Mean,Reward_Std,Cost_Mean,Cost_Std
0.5,PPO,0.3613,0.2069,-0.0934,0.2076,20.46,0.17
0.5,LinUCB,0.5486,0.2330,-0.2933,0.3745,59.19,16.50
0.5,Random,0.5360,0.2648,-0.3735,0.2672,65.95,2.20
0.75,PPO,0.5759,0.1447,0.1095,0.1597,21.64,2.24
0.75,LinUCB,0.6653,0.1976,-0.1440,0.2919,55.92,13.20
0.75,Random,0.6670,0.2751,-0.2425,0.2773,65.95,2.20
1.0,PPO,0.6954,0.1383,0.2192,0.1571,22.61,2.91
1.0,LinUCB,0.7347,0.2077,-0.0543,0.3037,53.90,12.77
1.0,Random,0.7595,0.2602,-0.1501,0.2603,65.95,2.20
1.25,PPO,0.7807,0.1172,0.3134,0.1372,21.73,3.25
1.25,LinUCB,0.8255,0.1369,0.0625,0.2184,51.30,11.40
1.25,Random,0.8691,0.1820,-0.0404,0.1842,65.95,2.20
1.5,PPO,0.8946,0.0638,0.4245,0.0842,22.01,3.30
1.5,LinUCB,0.8239,0.1841,0.0167,0.2226,55.72,7.36
1.5,Random,0.8627,0.1909,-0.0468,0.1923,65.95,2.20
