LR,Lambda,Prof_Mean,Prof_Std,Reward_Mean,Reward_Std,Cost_Mean,Cost_Std
0.0001,0.0,0.8272,0.2198,0.5772,0.2198,100.00,0.00
0.0001,0.01,0.5921,0.1605,0.1269,0.1647,21.52,3.54
0.0001,0.1,0.3761,0.0481,-1.8739,0.0481,20.00,0.00
0.0003,0.0,0.8272,0.2198,0.5772,0.2198,100.00,0.00
0.0003,0.01,0.6954,0.1383,0.2192,0.1571,22.61,2.91
0.0003,0.1,0.3761,0.0481,-1.8739,0.0481,20.00,0.00
0.001,0.0,0.8281,0.1857,0.5781,0.1857,96.05,11.82
0.001,0.01,0.6917,0.1398,0.2253,0.1553,21.63,2.67
0.001,0.1,0.5550,0.2855,-1.7398,0.2903,20.45,0.15
